-3.000000000000000000e+00
-2.700000000000000178e+00
-2.399999999999999911e+00
-2.100000000000000089e+00
-1.800000000000000044e+00
-1.500000000000000000e+00
-1.200000000000000178e+00
-8.999999999999999112e-01
-6.000000000000000888e-01
-3.000000000000002665e-01
0.000000000000000000e+00
2.999999999999998224e-01
5.999999999999996447e-01
8.999999999999999112e-01
1.200000000000000178e+00
1.500000000000000000e+00
1.799999999999999822e+00
2.099999999999999645e+00
2.399999999999999467e+00
2.700000000000000178e+00
3.000000000000000000e+00
