4.000000000000000000e+00
8.000000000000000000e+00
2.000000000000000000e+01
3.100000000000000000e+01
4.800000000000000000e+01
5.300000000000000000e+01
7.300000000000000000e+01
8.000000000000000000e+01
8.500000000000000000e+01
1.040000000000000000e+02
8.400000000000000000e+01
8.500000000000000000e+01
7.600000000000000000e+01
6.400000000000000000e+01
5.000000000000000000e+01
3.500000000000000000e+01
2.800000000000000000e+01
1.400000000000000000e+01
1.000000000000000000e+01
6.000000000000000000e+00
